111111 1118118ιεί181ᾱηὶ1181 111881181818818 29. 11119811 1870. LXI

1870. Was 8811 die Rolle 8111188, 8118888111181 8111888181 18-
1813181111818111181 8181881111 spielen 8818111 8811111118 wir
11111111 11888118, 8111111 einer 8111818 Infamia beschuldigss wer·

8181111881, sich von 81881111818818 11181818 reinigen„ Die
italienisohe Denksehsift 118111 in 8181111111 Uebersetzung: μ

. Assum 8118 811 111811118ξιῖ68ῧ ἴ8ί8171110118 1111118118 811 8111 8881111118
[81811881118881 1818111818 118 8181188818 des 81811111 88888 8111111888

, die 811881111118818181118111118188 11111111 111118 888118111881818 88118

111181881181111111111, 8118181 8811111118 1881111818 188-11, wesen 811
1118818181, 8111111811 8181818111 1111181 8118111181 111 8111118 818 weg
11111. 8118111118 81118181181111111 1811 8811818811 1111 8181 1881111818
11811 8181811 1118188118, 8111 1111111118 811 8118118 811 8118118111118818 811-
8111181 1818111181 11118818 181111. lm November 188811188111118118111811881
18 8181188888881 8111 8181181. 811811 11818 1111118118 111 8188811111 181111
81118111 8111111181 118 1181111811 1111118881 811 811111181811111118111 des
8181111. 811 8181181181, 1111111811, 8111811 111111 1181188181 1111118111 811-
81181111881811181111111811 8118118818 81181888, 811 18 1118118 111811
811118811818811 181818111818118181818 818 11811 888 181 811 811811·
dung 811 888111118118181818 111 1181111111 111181 811 8188118181 1111188811
8111 (11. 81118811 1888). 811 8111188 811181· 1118111 8111188818111118111
1818111 und 8181111 1118 suine 11118881 111 8811 λ11818 Ι8111118 811118811881,
8111811811 1111181111 8181188181811 1181111 181 8111188181118181181 8111818811.

. 811111118881181111118 1111811818818111818 1111118 888 8181 81.
Sim, 811 es 81111 8118111 8181181118, 88181181 18. 1181111 1881 durch 811
81181811 81818111 8111 818111 11118111, 8111811.’8118.8111 11818111 des cnr·
818111, 1118 81111 8811111181 und obernum (1111181111 11111811181111811
11111111818118 88181818 Rom 111 818111118818 181111818, 888 811 11811 eri
81111188111811 hl· 81881, 81181181181181118111111818 111181 111818, 811 811-
818111181181111 1888181888181118118181111811181818818118181, um 8811 811
8188181118 ,11811 1181111881 811 8111111818 8111111 181 818181111181181818
8118811118 18 8811181881881 18 111118. zur 111818 8111 18111888 1118 811 1111-
111 811111811118,81118111111ι 1811811118 181811 81181881 8111811811 81111,
1111 11811118881118188118118 811118 81881111 (18. 118811 1881), im 111811111-
1118181818, 811 88111818888118 8118181118 18118 zu 1111188118 und 11
11181111 8118 1188111118 11111, 8111811111, 8188 8111118188188118 1118 11111818·
11181118 1118118811111118 811818 88181118118811 1881).

118111 1118188181 1181118811, 18111 8118111188 811881 1118118 vor·
1181118181 88811181818811,8111118 181 811 811181818111 haegen, 8881188
811 111111 1111118111111181181811 1111111181 818111 1181118811 18111181 11811118
81118. 811111818811111811111881181118 1118118 81181181181881181, 8111 811
1811111118 811811818111811 1111188818 811881118188181118 811811188118 wur-
118 888 811 1111 188 ,18118 811 1118111 1881111888111, 18 1118181818, dass 811
8188118111818, 811181 811 11111 11118111 8111111181 1111111118 181 8118111811181
1111118118 1118111118 im 811111181818 1188811, 811 18118 8181888118, welche
811 1111118181 881111818181 811811881118111111 81111, zum 8181118 8118118
118181. 181 1181 181111811111181111 811 1111111 81181181818811 1111111881
811 1188111, 811181111818181 181188 111, 8111 111188118181111881188118811881

 

