XXVIII* 010-00010101100010011000· 010 11010010001001100000.

v . ΙΙΙ. 110001011011000 10000000 000 1110001110 10 0010011000
1 Unfenlbnnkeit.

1. 000 00001000000 0010000101 ist. 1011 000000000110010000000000000
samunungun 111010000010000 00000000100100 110000 01000010 1000011000 000
11000000ον0 0000 010 0000010000 000 11011000100000 0000110 (0000000000

1070. 10 000 0100000. 00010.-0000101018. 11. 001.) 000 0100001 000 0000000000
000070010000·0100010100 00001100 schrift: »100 000 0110000οῑ000 1110000ον00- ,
0000101000 0011000000 0001 007001000οη 00000000 0000000100, vnn einen Priester n

0000100000 000000000οα (00001001 1070 001 000101.) Eine 0000001001οε 1000-
11000 ,1000001000 0000 010 0010010001011010000 00000100 vnn 00. G. 1000100000.
(wien 18700018001001.) 00 0100 00010 010 01000070 000 00000010 000000 000
0011000100 0010001001.

11000 0100001 000000 Martia von Paderbom 00000100 010 000001110-
10000000100οε »000 10010 00000011000000010000 00000111000001011000100000 cun·
01100 (0000000001. 0001100100000010001 1070. 10 8. 10 1.)

1000 vnn den 0100001 Philipp 1100000010 000 Ermlnnd 00000100
(0000000000 001 110000 20 8. 4.) 010 0001000000 1110100οῐ1010000000101100010000
Conci} und 00100 0000010000 (ng. 0000οΑ00010 11110. 0. 011111 0.), 000000 010 00010011-
1100000000 0100001 000000 71011000 000 800000· vom 26. Non. 1870 10000100
00111100000000 12 S. 001), 0000100 0000010000 0000 000 000010 00000100100010011
0000001101. 11000 dem 8000101000 00000001011000 0100 01000010011000000010101,
000 1100100110ου zu 1100000000110000000 01000000001101011 00000 000 1101001-
, 00010110000000 00 000000οῑ000.

2. 000 Biennos 000 Auqnbnrq 000 0100 000010110 0000010001 01000

¹ 0000100000 00010000111001000, 000 enen 101000001000οη0100001100001101000000

Ρ10000011000110 000 Merene zu 0000000000, 010 00000100 000 1001, 010
01100 anderen 01000000 vom 0100000100οη 0000001010 ,10000000 00000000100 101-
1000 000 000110οι100 000 0000000000010000 0000 00001010, vnn 000011100001100001
00000 010 0000 0100100000 000 0000010000 Unsehlbarken'c 00 011000 000 00 00-
100000, 0000 00 01000 Lente 001000 00001000 nieman vnnrngen werde, weil
sie 0100000010 001 000 mit dem 01100 111000000100000 100 11100000ου00 01000. 010-
000 00000111000110 0011001οῃ 000 07000000 0001110 nunde 1001 von der 1111110 000
00001000000111101, 000 010 000 0100001000 00000000 0100000 000 000 1100001010
01011000 1100010100 00001100 nane und 000 0100000 00000010 000 1000010000ηο
000, 00000 0100 000 000 0000001000 0100 0000101100 000 00000 00000000, 00 10000
801100 000 0000000010100110101, 0000 10000000, um 0000 110000 0100001 v. 010001
01000 vnn 0100000000002001 000000010000110000 001000010000100 Ρο01001 00000
010 dem 0100000 0001110 00000000100 1000000000 00000000 00 0000000000. 10000
11000000 000 0010001000 vnn Seite des 0000010100 nn 010 0000101100 01011010 nn
010000 0000000100 00, nie 00 vnn 100100, 010 0100 01000 00. 110110 zum 0010-
000οτ 000 8000001100 00101100, nicht 000000 zu 00000100 war. 0010 000001
000000 0000 0000 010 0100100010οε 810110 0000 000 0100000 000100 010 suspensio
00 ordine 01 jurisdictione nus und 00000010 zum 1010010001100000 8001000000 000
1100001000 1100100 000 1100011100000000. 0100010 0011001010οοεο 000 00000001010
0100000 001 001000 101000 001001, »er werde 10010 010000 0100000001101001
100011001000100000;« 000 0010010011 1001000001000110 00 zwnr dem vicar 00·
0101100, 0000 00 0100 0000000, 0000 000 10 000 0100000000 01000 007 000000 000
ihm 001100000000100. 010000 0000000010 000 000 0001000101 10000000 000 00-

 

