1155 1755551155555559.[15555555555555.11117ἱ

Man 5555 mich 555 555555 5555551555, 5551551955 559555155, 555
¹' 55555515595.15,5555 Ι5551559555 5555555 55555, 51595551155555,
“ deren 85955155 5555155 5559559555555 55515 (155 9595555555 1151155 ’
ῑ im ConcordaA'A 59 555 1155555955 555 51155 Act 55, durch ’951555
555 BAzieAAAgAn 5551155515 zum 855555 9515 59 955595 werden. Wiry
555559555559 9555 5555555551555 555 155. 155915555955ΙΙ 555 155555
‘ 85551955, mit 55555 85595155555 555515155555 55555555, mi AAAAA
ἓ 5555555155555·11515555555,5511559555955555 Ι55555 55551 uns 955555555
5 55555 ,11115 555559555555 555 1155155, 5515555 511551 (1555551555ηῇ

“ 51555515 5555159555 85555555 55515 555555155555551555, 5595555555

wirA- 5551155155, ihren 11555555 55 5155555, 5. 5. 9555 85559 555
555555 1115555, 515 1155195555955551555555, 555 115555, 5155 1155555 555
5555551555 555 9555155555 GAeimnisse Au ,195555 5515 55955555
nicht (1555155, 515155 1155915555 5955955, 55555 5151515 55555, 5555 Pri-
55159555, 51591991555195 Β555551559 9555 551155 555 dem (5555555,
’91555555 55595555 551 55555 555515 (15555155 595555, Beobaohtung¹ 555
55555595 5955 AcAtuAg vor 555555555555555 1155555-5555 55555555
1555555955 5555955555 Antheil 555 9555555595511555, 55155555
Boden 5555555 155555 5555555555 555 55555955 Ρ155551555- 5155555

55555, 1155515 minden<

115555 1155115559 5555555551155555 555555555555 555155 ι9155
5595159555555 555 5555555 5551555955 1155551555 9515595.

1555 1)5555555555155559’,1155 55 dem 8555551 51555 5555555551
5551115, 5555 55 51555 ’551555155555151555555555559 51555 8555555555
5555 iAr 555 555555555555 5555, 55555 555 555 durch 1555555 855551-

555 955555555 5555515555 5155 (5555555555 55551515. 1151 5151555 555
8555555555555551559 5591155155555 555 155555555559555555555 555

55555 85 55955 (559 55551515555555555551 55 8555 55 55555 5555551555 ·

1155555559 zusammen 5555555555555955551 555 55555551555 An-
55555555 5555555555 555 Ar ’515 5515555955 55515555155955 11595555
5555 55 bezeichnen, 51151) 51555 55 5159555555, 5155555 555 5555955
855555 1555955555 8515555555 5555955555 555 555 8115555555 555 555
855555155555555 , · · · ·

·. 1155555555595155 Herr Bisehoi!¹ , . ” ” ’

11155 haben 955 1555551555555555559 5595 ...19 1155515555555555
5515555555 8559551559 95515527. 51559555, 5555555555 1191555559 ,55555
59555555555555555 Ammius, 9555555555, ,555915 855 ,595 55115555, 55
5555515555 555555 35515855559555159955,,599555595555555 555
5555555555 und 5555595515 555 85155555555155,55595555555595515555-

lichen 1555555955 5551555555 A 551555551555515

 

