666666 6666666666 Dio moster. 251

6. 67. 666 6166666 66666666 66666666666616666666666666666
Kirchengemeinde, 6666666666 666 66 dem Protopresbytemte 6666666666
666 6666666666 66666666 uls 6666666 666 666 666666661-66666666.

6. 68. Κ666666 666666 666 mit Fdnwiffigung 666 6666666666
aparcfflakssienhos 66 66666666 666 66666666 666666 666 666666 666
66661666, 666 zur 666616 6666 666 66666666 66666666666 666666666-
6666666 66666666666666.

6. 69 moster 666666 66 6666666666 Β66666666666666666666
66666 6666666666 worden. ⁴

6. 70. Die 6666666 mit 6666 6666666 66666666666666 6666666
66666 666 6666 ’6666666666 66666666 66666 Κ6666666666666666, 666 6661666

aher 66666· 66666666· 6666 666 6666666666- Β6666666, 666666666666666 6666- ’

Qu} 71. Der Μ66666 werden will, 66666 sich 666 666666-

66666 Ρ6666 6666666666, 666 6666 66 666 Seite 666 6166666- 666666
666 666 6666666666 666666 66666666, 6666 66666666 66666 666
66666666666666 6666 66666666, 666666666666666 6666666666 666666
Erlangung 666 66666666 666 vorgestellt.

6. 72. Die 6666666, 6666 6666666666 ihre Η6666666666 6666 ,
6666666666 6666666 66666 6666666666 sind 66666666, 6666 strange
und gewissenhaft 666 6666666666 6666666666 6666666 66 6666666666.

6. 73. 666 6666666-6666666 werdon durch 666 mmor-synode
6666666666, an 6666666 666 Η6666666666666 mit 6666666666666, 666
Η666666666666 aber 666 666 6666666 666 6666666666 6666666666-
666 66666666 6666666666.

’ 6. 74. 6666666666 666 moster-synode 666 666 6666666666·
66666, 666666 gnte Ordnung bei 666 6666666666 6666666 66 66-
661666 6666666666 666. 666666 6666666166 666 6666666666 66666666
moster-synode 666 666 6666666666666 ihren 1666666666-66666666.

6. 75. 6666166666666666666 666 666 Η6666666666666, Η6666-
66666666 6666 6666666 6666666 666 666 666 6666666116 66 666666
666 666 666666666666166666 6666666 66 6666666666.

· 6. 76. 666 Ρ666666616666666 666666666666 werden durch 666
66666666 6666666666 666 66666 666 666666 6666666666.

6. 77. Die 6666616666 werden 6666 66666666666666 gebracht,
und 6666 666 66666666 zu gleiehen Theilen getheilt 6666, gibt 666
stimme 666 6666666666 666 6666661666. -— separat-vota 666666
666 6666 6666666666 666 666 66666 66666666666666, 6666 666
6666666666 666 666666666 666666 6666 Tagen 6666666666 sind, 6666
666666 werden 66666666 66666 mehr berneksichtigt. 166 kann jedooh

6666 eine Pristmlnngorung 6666666 666666, 661666 6666666666
mm 66 mmmmm. m. 17

 

