XXXII Nachtrayuche 331333113313Β311. 331 Πηίιὴὶὸρυοῳηα.

3· Der 3333133331 von 0333 1333333313 333 3111131 13 331131 31. 3311.
113133133313 313313 3133333313. 1131313133 31113 in einer 11333133 3131111
»munla«, welche 1350 331 3133333 13 33313 31313133 S. 391 1. sloh 1311331
11311133 33113313333333133 die 3313313111311331 1313111333 3331313131 ausge-

13133333. 3313133 will 31 1113 13111 (1331 131331 1113113313 »Petrus 333 Paulus«) ¹
1113331 1313133333 lassent, 113 331 331311 33133331111333 [1313313113311 3331· ¹

333333. 11113 331331113331131 333 33111331113333 31133333111131 1131133313
113113 von 331 (131331 3313 131313311331331 313113 mr 311 1311313333 331 113113
’11313113133331133 3313131333 1133 33111333 133331 311313133313333 1133313·
13311113131333313 3313113331311113313111131 1313111333.

4· 13 Bown 31133 333 3133113133 33113331311311119313, 33119311 333
11311133 wesen 13131 oppositum gesen 331 3313313111313331131 vom 3113333313
331313311131313113333133 1313333333. 11111311 1311 3131311133 33113133 dem
331331313111313111 33333, (1) 3331333 313 331333 333313 313131333 3133131333.
3331 333313 131331113333113113111113331,3131. der 3311313113. und 331 3313133111
111. 1331133933 331333 133131131133313 13111 1313333111. 1133111311-3131 1131.
1113113931, 331 1133 1111331 1313111331 33133111333111331 113 3313333333 131313
3131111333 3313313313311 1311313131333, 131131 3113 3311 1131 331133133131113,
31133113 dem 311333331313133331313311331.

5. 13 313333313133331113 331131113133331 33133 13131313131131 gesen
311331331331113113333131 313 1333131113333 [3313113133 31. 13311133 333 31.

1131313333 333 333 31113133133131. Weber, 331333 3311313313313111131311 31· ,

13311113331111311111133111313 33331113, 13 offitio. 33131133131331 3331111131·
31113131331331133131, 3311331 mit 31331131331131331333131 1131131113 31333 ,
313131113133 313 33133131113111313113133331 33113113 3331 331313333313. ge· 1
3313333 3113113133, 33 3111 1113 333 33133133 331 3333333333 113133313-
1313111 331333331331333 333 31113113113131311311 3113331 33133. [Eine 3113313113
313131 1131331133 vom 8113333333 313131 1113331333 31131131 33111111 313 1111311.
111. 313. 333 3311. 317.) ·

6· 13 3131133, 331111 und 1333311311 13111313 sich 331 1113333133 senat 13
31333 131313133333, ladem 31 333 1111333133 311 113131 33111111, 313313 1333131113333
3311311133313131131 durch Entzlehung der 1111333333 3333131 313 1131313111 zu
333313313133111133333131111331313133133 zu hulten. (vgl. 11313. 31111111. 1371),
111. 33311. 111. 0311313. 3313313, 333 323, 1. 111). 3331133311133131331133331
31313111113333 1131113133 3331 313 1333133111331 33313131 13133331113313 im 113.
xlx. pag. 3-57. anseres 11133131 (1333. 11311 1.) Professor 8333113 131 Pras
(111. 331333311 8. 55 3.), welche 133333133131311113131. 11313333 111 semem
3331313131. 1838. 31. 3. 3133131113. 3131111. 313111. 331. 3311. 331133131 133
31331 3131111 (3333 331 conen) 13133131133111133333131331 3331 »311 13133333
33311111. 31131133311133 3313 1333333333 313131131331, 3313313 ln Preussen
311 133 senune dargesteme 33133133 1131311331 331133,133331313331331113111-
11133 33113313331313133133 3113 13 3311313113111.333133133 33113113-
11133311131311131 3313333111 1313131133. (31) wir 311133 331313 teser damen
81331133 abhandlung 131311333331111111 11133 zu 3331333.

7· ln 3131133311 31111333 131113313313333313113333331 311 313 31311133
13331. 1133313133 1313 3331331331 33131 313 331131 33113111113333 1131331311·
3311. Nur 313 1133113133 1133333931, Friedrich und 8133313391 131331131133
313331313311331,13133131131331133 33113113, weil 331 3113131331 incompotem
331, 133 313313 313311133313131131 3133 131133 1111131331 zu 1313313. ner

 

