1111111 der 11111111. 1111111111 zu 1111111111 υ. 11. 11111870. 203·

1, 16011. -1 1111111111111 111 1. 181. 111. 1. 111 11111111
an ihre 811111 1111111111 11111111111111111111111111 13. Mai
1883, 11111. 0. 111111. Mei 1836 111 11111111111111 21. 1111
1843 —- 1111111111 11111111111111111111111111111111111311.)
9. (1618 111111. ’171 ff.) 1111111 Ρ111111111111 ,11111 1111111111
11 Β11111111111111111111 111 11111111111111 11111111 1111111.

1111111 1111111 1111 im 11111111111111111111111111 1111111.
(1110111. §- 16. 111 47. ’111 31. 201291111111. 14.
Tit. 16. ’1111 1. u. 1. w. ·

Hiemach 1111111 11111111 11111 1111111 11 11111111 1111111
werden, 1111 dem Herm 1111111111ὴοῖ 111 111111 0111111111111111-
1111111111, 1111 111 1111111111 1111111111111111111Κ111111 “
11111111 111 111 Nemee der Gemeinde 1111111, 1111111111 11111
1111111111 1118111111111111111 1111111111 Grundstflelre 111 11111·
11111111 11 Nieder-Rydelteu 11111, wie 11111111111111111111
vom 6. December 1854 11120. ,1111 1855 111111111111111111111111
111 1111111111 111 Ρ111111, 111 staaesgenehmigung 11111 1111 1111111
resp. 11111111111 111 1111111111111111 111 111111111111111
Β11111111- 111 Η1111111111111 11111 111 1111111111, 1111111 111
Ρ11111ἰ 11111111,1111 fiir 11111 111 1111111111 1111 11111111 1111111
1111111. ’ ,

Des [1111111111 81111111 11111 1111111111 1111111111, 111
111111111111111 111111111111111111 1111 1111111 111 111111
11111111111111111111111111 111111 ru 11111111 111 1111111111 11111
11Κ1111111111111111.·

1111111111110.1111 1816

’ 1111111111 1111111111111111111
111. 1111111111.
An 111 1111111111 1111111111Τ11111111.

4. 1111111 111 1. 111111.111111111111 1111111111 eber die Feru-
11111111 1111111111 &bagme 113111 111111111οή11 1111111111-

11111111111, 16. 111111111811.

11 sind 11 11111111111 zet Β11111111111 111 111 11111111-
111, 1111 11111111111111111 die 1111111111 1111111111111111111
11 dem 1111111111-11111111111 in 111. 1111111111111 81111111 11111
111111111111111111111(1111111111 1111111111 werden. Dies rer-
1111111111, Ν11111111111111 111111111111111111111111 1111111111.
’ 111 111111 1111111111, 1111 111 111111111111Κ1111111111
blesa 111 Β11111111111 111 1111111111 1111111111111111 11 111

 

