134 0001ΙΙ 000-1010001. υ. 8. Mae· 1857 .· Verweiy· d. 1100111. 80900011.

000 10 000 11000000 100000000 80010110 00000000001000 10010100, 000
00011101000000001000, 0000 10 11101001110000 01010100 1011 000 000 8001000000
100010οο1 0000100000οη 1000010000ηο 00011001110100 8000110100εο 100 000100-
110000001000011001110100810010 000 0001000010 100 8000100000 1000001001
werde, 00001011 010 1000000000 8001010000, wei! 000 00101000 werse 00100-
00100 einzelnen 0010110100 0000010001 werden 1000. 10 000 0010110000 des
100001100010000 0100, dese in den 00110000 111100 0000000011011011 00011010-
1000000010011111000 00010001010001001010000 010 801101000οε0 melnes, 010 00-
00010000 000 801101000οε0 0000100000 delesses 000 80. 0010100 1857, Ζ. 1120.
0. 011, 10 1001000000 konnen 01000, 110101 10 00 10000 weder 0001010001
00010000101,01010000 1000011000100010 8001011000 000 1010100010 0000001011
lenes 1101100 10 10000001 001000 sollte, der 0010100 0010001001100001000
1111011850, z. 771, 0. 0. dd, 000800001000000011011011100000000111011
werden sold

wie 101 10000 ....... 1000110 00100 000 8. 1101 18511. 1110 01111,

0000000100 010 1100 10110, 10100010100000000000000100001000100000 0111 dem ’

heiligen 810110 0110100100 100 8000010 00100000, 000 10 000 1000001001εο
000010001000 0100010 8000110000 000 1101101100 011 000 1001010000011110100·

01001010 01011 1000101100 000. 000 1011008011 101 010101100010010100000 r

der 1100100000 1011100000 001010οε0 gestent, 010 werde 0001 111011011011 sorge
100000, 0000 100 010 [01010000 00011011011100 00100000 010000000010101001110
0000 001000 1000100000 00010000-1010011100 0000000000 111100 0000010000
werden. 00 000 11100000 000 denen, 001010 0001 0001 01000100000110000 . . .

000 15. 11100 1817 00011001110100 1100011010εο 01011 11011101110 werden 001100, ³

redderer 00 1010000111 dre 010 010 11011011100, en 11001 000 8011000 0010, dass
010101010000000000 1100110100 800011010000 1001001Ιο 001110100 1101101100
000 1100100100 0010001111 010 8001011000 000 11011011100 0100000000εο 1101-
100000101101100100101001110 zu 100001000 sind, 00100000 000011 000 101 zn-
00010000011110008011010100000 0100 1100001010 00010101, welche 01011 11111100-
den 1101100010 0000000101 werden 0001.

10000 ..... 00110 0000111100010, 010001000010000010 000 10010101·
110100οε0 0000111000 0001101100000110100000000 10001100 0110 01101 010·
0101101011οο 000 01001010 1100110100 10 1100010100 zu 001000.

7) 000-01101010001001000000119. April 1858, Ζ. 151, 0. U. ld,

00 0000101110110010 11011000,

detred'end die vnn 000 01001010 000 800000001000001000 000 11001000000100
10000101 000101001110 0001010100100100010000010100εο 1000000110.

108010011οε0 010011800011 100 2. 10011 1858, z. 1188 10, 1010001
00001000 1000100010, welche 000 8100101 000 0000000 00101000110101100100
0010000010οε 000 1100111000 000 1000000100 10001110 need 1100001110 000
110100000000 001011, woden 0101 8000....00000010110 101100, dese 0011
1100111101 001 010 800110000οε0 0000000000010000000 0101000001 0011110100
81001010 0011000 000001100 0000001100, wedene derigere 00100 0001000101οεεο
rem 10. 0010100 18111. 1120 0. 0. dd). 1010010ηο 010 8000010000 der 801101·
murder, 11001011000000,00110000 10100, 0101010110 01000000011001, 00010000

1) 01010 oben den Erlner 110. 5. ¹

 

