weisunqen 111 1111161. 01111111111111 1111111111 (1810.) 20¹5

1111111111111111 zum 1111111111 11111111 1111111111 111-11111 .
§- 5.(111111111111111111111111111 1869 111 dem Anhang zur
Verordnung 11111111111111111 1110111111 111 [1111111111 vom 12.
J uli 1869, 1111111111 111 Uebergangsbestimmungen zur 111111111-
rung 111 111111111111111111, 11 11111 01111,111111(1111111111,
1111111111 111, 111 dem 11111111111111111111111 111 1111116111111111
1111111111111111111 mit Zustimmung 111Κὶ1111111111111111111
1111111111 Bewilligung. 111 1. 1. 11111111111111111 11111111111,
1111111111111111111111111111111111 1111111111 vom 26. J uli
1869 (1111111111 11. 11111 13.) 1) 111 111 8111111 111Ηί1111-
1111111111 11 111 111111, gegeben am Schu'tzengelfeste 1869²)‚
11111 1111111111 111 111111111111 1111111111 Sendung und obers
1111111111 Ermachtigung in Anspruch genommen 1111. 111 gilt nun

1) 1111111 11111 1³. lautett »von den 1111111111 1111111 aher, 11111
1111111111 111 11111111 ihre 1111111111111 111 1111111111 1111111111 111111 11
11111111111111 11111111 11111, 1111111111 wir mit 111111111111111 1111111111, 1111
111 11111111 111 1111111111 »1111111 111 1111111111 111 mir 1111111111 auch
1111111 111 1111111111111111111111111111111111 111 11111111 11111111111111111111,
111 111111111111111111111111111111 1111111111,111 nach Brod verlangen‚ zu·
1111111111 11111 steine 1111111111, 11111111 8111111111111111 1111111111111111
11111111111111111 111111 111 11111111 (iones 1111111111, 1111 1111111 auch ohne
1111 111111111111111 1111 8111111111 hei 1111111 1111111111 111111 religios·
11111111 1111111111111 111 111111 11111 111 11111111 1118111111111 werden. 111
111111111111111111111 11111111 1111111111 1111111111 111 religiose 1111111111·
1111111 11111111111111 11 111 111111111111 in 11111111 11111111111111111111
111111111111 111111111111111 1111111111 11111111 111 1111111111 81111111 111
1111111111111111111111111111111111111111 111 1111111111-111111111 1111111111
111 1111111111 111 11111111111111111111, 111111 111 111111 911111111111111 11111-
11111111 werden, 111 1111111111111 11111111111111111111111111111111111111111111-
1111111111111 111111111111111 111111111111, 111111 111811111111111111111 1111111
1111111111 zahl der 11 1111111 111111111111 1111111111 111111111181111·
1111111 1111 1111111111 111111 1111111111111111 111111111111111 1111111111 11
111111111111111 1111111111 11111111111111111111111111 1111111111111, (1111111111
1111111111 11. 1111 18611110.) ·

2) 111 1111111111 111111 111111 11111111 1111111111 1111111111 111 reu-
11111 11111111111111 11111111111111 11 111 111111111111 11 1111111 1111111111
1111111111111111111111111 111111 11111111 wir 1111111111 111 1111111111 Sen-
111119 11111 11111111111111111111111911119 zur 111111111911119 der 1111111-
1111111111111111 1111111119 111111111111111111 111 111119111111111111111111,
1111111111 111 91111111111111 1111111111111 werden, 111 1111111111111 111111-
weisunt oder 1111111111 11111111111111111111111 1111111111111111111111111,
111111111 3111111111 11111111 111111 111 11111111111 11111111111111111-
1111111 11111111111151111111 111 811111111111 oder 1111111111 111111 1111111111·

11111-111111111111111111111111111 111 1111111111 1111111111 111 11111111·
1111111111 1111111111 111.

 

’ 11·

