1111111111111111111,11111.111111,1111.υ.1111111. CXXXIII

1111. Friedrich 11111111 11 11111 1111111111 11 1111111. 111. 1111.
1111. 111. 14, 111 »1111111111111 1111 111111111 stelle 1111111111 111 111111
111111111111.1111111111 1111111111; (111 11111111 11111 11111 zum 1111111·
11111111 11111 1111111 1111111111 111 111111 1111 1111111 1111 11111111111111
sehon 1111111111 111111. 18111111111111111111111111111; 111-111111 1111 1111-
111111 111 111111111111111 und 11111 11111 111 1111 111111111111 0111111111 zu
einer 111111 gemacht werden.

11111111111111111 1111111111 1111.11111111111111.Ζ11.1111111 sich 111
1111111111 1111811111 1111. 1111111 1111111111111 111 11111 111 81111111111111
111 die 111111, weil es 11111 11111111111111111111111 11111, dass 111 11111
11111111111111111111 1111111 1111 11111 811111 11111 111 den 81111 der 1111-
11111111111111111111111111111 werde. [111. 111111 111. 6.) ·

2· 11111111 111111 1111 1111111 1111 111111111111111111 1111111111
1111111. 111. 11111111 111. 11, 18, 15. 1111111111111111111 111111111111111
1111111111111111111. 1111111111 (1111. 11111. 111. 51. 111.) 1111111111 1111
S. 13111111.11111111111111111111 so 111111 11111111111111111811111111 11111111
111111 (11111111111111111 1111 1111111111. 1111111 wilhelm Emmanuel Frhr.
υ.Κ11111111111 1111111 11 111111 1111 1111111111111111111111111111111111
1111 11111 1111111111 11111111 111 1111111 111111111111111111111111111111·
1111111111( (111111, 11. 1111111111) 1871. (1111. und 16 S. 8.) in 1111111111
11111 (s. 87 1.) uus: 81111111 1111111111 11 11111111 111111111111 1111
den 1111111111 des 111111111111 concils, welches 1111 11111111111111-
111111 und 1111111111 1111111111111 1111111111 111 1111 111111111111111
1111111111 111 1111111111111 11111 1111111111, 111111 1111 1111111111 111

11111111111111111111111111 111 111 »1111111111 1111111111 111 1111111 11111111111111- “

11111 1111111. (S. 71.) 1111111111 11 1111 11111111111111111111111111111111111
111111111111111 1111111111111 1111 111111 11111111111111 1111111111 11111111 11·
11111111111111, welche mit 1111 111111 111111111111111111111111111111111
1111111111 111111 zu 1111 und 1111111111 1111111111111111111111111111
1111111111111111 11111, wie 11111 1111 1111111111111, 11111 11 1111 1111111111·
111 11 1111111, 1111, 11111 111 1111111111 111111 111111111111111 1111111 111 11·
1111111 111 11111111111111 111 111111 111 111111 1111111111, 1111111111111,1111
1111111111 111 111111111111111111111111 »111111111111111 11111111111111111111-
11111111111111 1111111111 111111 1111111, 111111 111 11111111111111111 11111111
1111111111111111111111, 11111 11111111111111 111111 111111, 111111 11111111, 111111
11111, 111111 1111111111 1111 1111111, 1111111111 (S. 71.) 11111 1111111 1111
111111 111 ordnung, wenn 111111 11181111 »11111111 1111 1111 11111111 111
den 1111111111111111111,1 111111 1311111111- 111111111111 11 dem 8111111 111
(11111111111111111111111111. 1111111111, 111111 11, 111111 1111111 11111 111 11-
11111111 1111111111111111111111111111111111111111111111111111111 (s. 75.)

3.111111111111111 111 11111111 11 Pras 11111111 111111111111111.
111. ·.111 1111 1111 11111111 111111 111 1111111111 11111-11111111111-(111111111
11,111111111111 11111111 eines 111111111111111 (1111111111 (1111111111) 1111
»111111111111111111111111111 181111 187011111111 1111111111 1111111111111111
11111111 111111 1111111111 1111110111111111111118111111 11111111111111,111
111111111111111 noch 111111 1111111 11111 11 111111 1111111111 11111111
111111Α11ο11,111111111111111111111111.111111 1111111111 11111 1111 »Ge-
11111111 des 1111111111111 concils« 1111111111 11 11111111111111111111111
vom 1111111111ι 1111111111111111111111111111111811111111111111(11111111111111 17)
zu 111 1111111.

 

