Der 11αο0 101010111101011 Paludes 0111111101. Ῑ1ῙΠ

1010111111. 10110111101111101111111111011111 11111 111 11111111 111 10111·
011111181111111011101111. 101 11110101 111000111111011 11101111. 1111101111 111111
1111111011 1110101111 111111. der 111 101111110111101101 111111 111 Gramen
1101 0101110109110111 wurdt-aoht, verrucla oder 11111 der 111101 11001· ι
0011100111 confundit-t, 0111011601011911111 111101111101111111111011.

11110110 101 1110111 correspondent 1111111. 0111111 11010111111100111
111 1111111101 111011 01010 111101111110110 11111011. 1110111111 1011111110
111101010100111011011101. 111011011111110.000 11111 1010110111. 111
1011 111111 1011 100 1111010 101111 100 101 &communitum 111101101011111
110 11,1 11111 man 1011110111011110, 101 111 101111 10011101 1111111011, 11
011110000010111.1 10111111111111111101111 111 011110 1111111001, 111001100οΙ-
111110. 1. w. 111 1111110111110110111111001111 10 1011111110, 1111 11100 11
10111011111111 1111, 1111010111 11 1001111100, 011 111111111111011 11 1111111·
1110, 101111111111111111 0111 11110111111 110 1111101 001 11111 011111 cut 10·
0111100111 politum 1111111111. ,1111 11111 0101111 111110. 11111 wude 11
1000101111, 1111 111 1101110111111101111111111110 101111101111 001111 111, 10·
11111010 111 1111111111 1101110011 1011111111 111. (111. 00111111. 1111. 111 11011
101 01111011·111111111111111 11101111 vom 25. November 1170.)

11001 11010 0101110101 11111111 00111111

1)ίο 1101001010 1110101000 111 0001 01010110 8111110100 100
0100110100 101111 Quirinal gewalteam 00100111, im 0001110110
dio 10110, das Sympol 101 hl. Geistes weggenommen und anderen
810110 das Wappeh 101 Η10101 11010100 0100111011, dio 0001110111
conclave 0101 10 einen Balleaal 003011101111101 (1000101 111011-
01011 1011010101 11101100 Η11110 des October· 0100 0000111100 von
10111100, 0000011111 1111000100 10 Rom 01010130101111101110110
11010100001101100110110, ob 101 Ρο1011 01101 allen 1101110110
111 Privakeigenthum der 110110 100001101001100011010. Die 1111·
1111011 101 Hermu 1011001111 111 0111001010 10101111 10 Tago 10
1111010100 101 Quirinal 01011 0101110101, Ρ11011, 0001010 0110010
wie 1011011010 Monte ,0110110 10101000, 1101011100ὼο01 ui. 111
1111001 10101, dass die Juristen 1101 einmnthig und 1011111111
1101101100, 11100 1100100 011101 ihre 1111111000 10 101101 0011101110
ihre Rechtsgrsmde mit 1110011110οη 10 10100100. 1111111, 1111011
sie 001 1110 Βο00110 1010111011 001 1110000010 111110 1011111 das
1101001100 ’101113 bei Seite 001 11 nota gelegt 111001111010
1101101 111 11ὶηί1101100, 1110111011011110110, dormit 11101 (1011οΙ1 111

1) 111010 110111 11 11000111910111 Romanum 111 10 1101 1100110111
111110111111110 1111111111111 0101000011. 111 0111111111111010, 111 10 101
11110 vinces 11111101. 011 colomam, 000011111101111110 110 1111110101
11111110, 111011 0111 11111 2011110111111181111 001 1010110011 111 01111111·
1111111. 0110100110111110111111 1110111101 11111110101011 11011 101111110111
11111101111011001111111 11101111 1111010110 31111010110110 111110 0110011-
1011 10 1111111111εο

 

