CXXXIV 111111.ι des 11111111111111. 111 1111111111, Oeam.. 81111111.

4.111111111111111111 gesen 1111111111 1111111111 111111111111111-
11111111, 1111111 11111 (1111111, 1111111111111111111, 1111111111, 11 1111111 1111
1111111111111 1111111111 11111. 111111 111. 1111111111 11111 11111111111111-
11111 11111 1111111111 1111111, 1111 111111111111111111111111 11111111111111
11111 11 1111 11111111 11111. 1111111111111111 1111 11111111 1111111 1111111111.
1111111111111111111111 111 11111111 111 1111111111 1111111111 11111 111
111111.11111111111111111111111. 11111111111111111111, 111 8111111 111111111-
1111111111111111111111111111111111111111 1111111111 111 11111 111 iunges
inserat 11 111 11111. 111. 1871 111. 1111. 81. (111111 111111111111111 11111 111
11111 111. 11111111 1111111111 1111111111. 11111 11111 1111111111.)

5. 1111 dogm. constitution 1111111 111111111111111 1111111111 111111 11111
dem 11. 11111111 1171 11111111 111-8111111111181111111111111 11 1111111
orum-31.. 11111.111111111111111111111111111111. 11111111111111111111111 vom
1111111110111111111111111111111111111. 1111111 111 1111111111 Ρ11111 1111
111 111111, 1111111111111111111111111111 111111111111111 111111111111
81111111. 1111 11111.11111111.1.111111111 111 Wien 1111111 1111 1111
11111111 1111111111 genesen einen 111111111111111111111111111 111 1. Febr. 1871
111111111111111111111111111111111111 den 11. 11111. 11 11111111 111 1111·
1111111111 111111 111 11111111 1111111111 11111 1111111 11111111111111111111111
111 111111 111 111111111111111 1111111 1111 1111111111111111111111111111111
111111111111111111. (111111. 11 0111111. 1111111. 11111. 11.)

6. 1111 1111111111 11111 111 11111111 1111 1111 111 11111. 11111111.
1111 1111111111 cult-ministerium um 111 1111111111 1111111111 111111, 111 111·
1111111111 011111111111 111 111 1111Μὸ11111 111 Papam 1111111111 zu
1111111 (111. Archiv 11111111. 0111111111.) 111 111111111116111-111111111111
11 111 11111. 1111111111 1111111111 1111 1111111 1111111111111111111111111111
11111 111 1111111111 111 1111111 111 111 111111. 111 1111111. fulgen 111 1111111111-
111111111111 11111 11111111111111 1111111 111 1111. J. Heryenrother 11111-
111, 11111111111111 1111111111 11111111111111. 11 811111 111 11111111 11111111
(1111111111 111111.11.11111111111111111111111111111111111 1111111 11111·
11111111 capite! 111 11111111 1111111111 in 1111111111 11 11111 11111111111111111111,
11111111111.1111-1111111111111111 1111111111111111111 1111111111, 11 111 111111
1111111111, 111 11111111111111 1111111 11 111 1111111111 gesen 1111111 1111111711
1111111111111111111111111 1111111 1111 111 111171111111111111 111 111111.
11111111111111111111111 1111 111111111111111111 1111111 111 11111111 11111111.
1111111111 1111 111111111111111111111 111111111111111, 111 11111 11 1111111
1111111 1111111111 wesen 11111111 111111 111 111111 111 1111111111111 111
811111111111111111111111111 1111111 1111111 11 11111111 1111111111 111 eine
1111111 1111111111 die 1111111111 1111111111 111111.

7.11111 111111. 1111111111 11111 111111111 1111111111 11111111
1111111111 31111111 111 1111111111 11171 1111111111 »8111111111 1111111111 111
1111111. 11111111 1111111111111111111 1871. s. 1111. (111111 11111. 111111) 11·
1111. 11111111. 11 11111111111111 1111111111 81111111 1111111 1111111111,
1111 111 8111111111 111111 1111 111 1111111111. 1111111 1111111111111 11111111
1111111111. 11111111 11111 1111111111111 111111111111111111, 11111111
11111111111111111111111111111 1111, 111 1111111111 gesen 111 1111111 111
gesen 111 1111111111 conen, zur 11111111 111 1111111111 zu 111111111.

8. Das 1111 (11. 1.)111111111111111111111111111 111111 111 1111·
rung der 111. 1111111 1111111 1111 111111111111111111111111 111Ρ.811111111111.·
s. 1111111 11 Ecclesiae 11111111111111111111111111111111. 1111111 ⁴⁰ 1111111.
1111. (1 111.) 11111 11 11111 11111111111111 11111-1111111 11 Rom 111111111111
1111111 11 111 8111111111 111 1111111111 111111 111111 (111111 Pater 1111111111)
1111111111. Ζ. 111. 11. Bell. und die 111111. 11111111. 1871 111. 15. Ι. 111. 111111
1111111111111, 11111111 111 11111 11111111 Mser. 1111111,1111118111111111111
111 11111111 11111111111111871111. 11. 17. 1111 11111111111111. 1111111111111.

9. 11111111111111 111111 1111111 111 811111111111 11111 11111111111111
1111111111 11 11111111 111111111111 8111111 (111 111111 11111111 1111111 1111111
11111111 (11171. 1. 11111 1111 11111111 111 11111 111111 111 111111111111 des
syllabus 111 11111 11111111, 111 11111 11111 1111 11111111111181111111111111.
11111111111111 111 111 1111111 111 1111111 111 maistre: lm 1. 17811 1111 111 111
111111111111111 1111111111, 1111. 18111 1111111 1111111 1111111 1111111111 sein.

 

