116116616111111611 Die Eparchie. 259

111 116 1166111161 Β66116111661 166 1111616116106161616111116
gehorig 1111611111 161161.

5. 99. Dis 116616161111111161116161 161 Metropolis 661161,
61616611 11 diesem Zwseke ermsschtigtsr 111111111161161.

5. 100. Am 1611161161111111116116111611161 (h. Wach·
116161) undam Tage, 161 1111111111 (161 1111611616 111 161116611-
thurgis 1161 dem Ρ11ς1161-06161161161-111111116111161. .

1101. 11661 Bssndigung 166 (16116611616166 61111161 161161-
11116116 116811616 1111611611611 116616 6111166161161 111616.
Η161111 1111 1161 6116111661 0116111111116 1611111616 111 Sinus 166
5 94. 1111166161611111661111161.

5. 101. Dis 11611 1111 1616111 111161611111161161661116161.
16161 111116166116111111 61161 161161 (1611111161 desjsnigsn, 161
61111( 1166161 661116111161ς geht 661611 dem 1111116 des 161-
611161161 1616611. 111 gibt (161 161161 11 (1161611 1661111111611611·
1116. 1166611611 6116 1116111-11116116161166111111116161, 66 661161-
16116116161116116 mit 161 11611161 111 116161 11611 116161
synode 1616111161 161111161611111611, 116 zusammen das 1161111-
1111116-0611611111 hildes, 111 zshlung 161161161, iudom 61616611-
1611616161 1116, in 116 616 1611111111 111161, 1616111111, 111
61611 6116116116111111 Bessitschast¹ 61616116 11116 1161161111
1116616116116 1611 161 8111116116] mit 16161161811111161161
116161161111111, 1111111 161 16161116116 im 11166161161161, 111 11-
616161 161 1161 16111116161111161 116 161161611161116166161616

111 11661 mit 1611611111116 (116 16161116661116161611111161, 611161· .

661111 16161161 116 1161116 116 11111116 111 1161 6116611166 166Υ
8611111116 11111161661111116111111 161 111616 1611161111611
111 1111611616611 6111611161,

116 6661111 1111 1611611116 1611161161, 1611161166111611111-
1161116111611 6111111 111.

116111111111666111111 vom 161611161161, 16186111111111611
11116116111616161111611111611611111, 111 161 116611116161 Sy·
1616 1116116116616116111111113111 1111611116 desselben 61
86116 1111166111 1161116161 111611111116161 1661116111 1116116661.

5. 103. 11681111166116111111111616 6111 1116111161, 161661
1111161116 1161116611 (1111161 1111 66161116 1111111611 1166111161
werden. Bsi gehsimen Sitzungsn kann 116 1111111111 1161111-
gegen sem.

5 104. Der Metropolis, 161161116116161 Person 11611111-
synode 16161161111, kann (116Β166111611 161 11611611 6111616161,
111 6166116161 116 1161111616 661166111111161, 1116616116161

 

