17'8 1111111111 111111111111111111111εὲ11111.

1111111111( (111 1111111111. Dr 1111111 1111111 1111 '9919 ,Β111111111 (111
1111111 (11111 999919 (111111 1111111111 (1111111 (111 Κ11111111111111111-
1111111 1111111111 11111111, ,,
11111111 ’11111111111111111111111111111 1111
9999199999999 (111 (111111111111111111, (111 1111111111 1111111111( 999
81111111-111111111111111
b) Ueberwachung (111 899999999999999 11111 (111 111111111111111

1) 9999999999 der 1111111111ἰῶ 9999919999 G99999di99999;
(1) ῌ1111111111111118111111111111111111 1111111111 111111 1111111111

fustruction.

1 811111 1111111 1111111 (111 11111111111111111111111111 111111
1111111111 (111 111οηί111111 (1111111. In 9911‘19091'9‘1‘19'1'91'9'9919999'99-
gen steht er ,1111111111 1111111 (1111 (11111111 (1118111111

,11 31. ,111 (1111 11111111 1111111111(

1) (111 111111111111111,111(11111111 111 1111111111111 1111111111(- 1

999991999999 (11111111111111111111. 29. 999 3111111111 ÷

b) (111 1111111111 (111 1111111111 und 11111111 91gung b'ezsigMcher 1

8111111
, ΙΙ1,.111.Ι)11811111111111(1Β1,1’111111111’11111111 11111111111111, als
111111111111111111111111111111111111111111111131.11111111-
1111111111 1111111111111111111111111. , ,
,, ,,.,1,33.,111,1111111111111111111111111111(111Κ111111111111111111-
1111111 11111 1111111111 999991999'9999'1'109 1111111111 1111111111 pri· 1
1111111111111 11111111 11111. , 1

Ueber99999999999m99999 9

1 31. 1)(11111111111 (1111111111 vorausgegangener 1111 1111111111
¹199 81111 (111 111111111111111 1111111 ((1111 (111 (11111111 8111111 1111111111
l. 1111111811111111111. , ·

1. 35. 191 11111111 11111111 ,1871 999 1111111111 Kirchenvor-
99999199999999, Pfleger (111 111111111111 111111 999 11111111 11111 ,
zu 11111111. 1
, 1. 36. 1111111111 (111 8111111111( 111111111111111111111111111 ¹
1111111111.

11. Das Ρ111111111111111 (111 8111111111(
(1811 9991119, 199-199)

,1)11111 8111111111 (111 '9909999 9999 1111 2 '9991 1870111111
’,1111 11111111111111 111111111118111111111 1111111111, 1111111111 sich
’1113111111111111111 111111,11’111 (1111111111 1111111 (111 8111 111111111-
1111111111 1111 811111111111111111111111111111111111111 11111111111111111111 1

 

