1111111111111111111· 1111111111 11111111111111111111. ὁ 81

111 mr nieht 111 111 1111111111 111111 1111 11111111 11111111111,111
(1. 1111111111 1111111111 will, 1111111311 1111111111111111111,11
111 Ρ11111111 111111111111 111 111111111111 1111111111111 1111111,
’11111111 1111111111 aber 1111 11111 1119111111 werden 11111,
1111111 11 1111111111111111111 11 1111111 1111111 111 111111111111
1111111111 zum 11111111111111Ῥ111111111 11111111 »111111111-
11111111111111111111111. ⁸ ⁴ ·

‘Wenn ’1111111111111113 1111 111111 31111111111111111,
1111111 0111111111 im 111111111 111 11111111111111 1111111111·- ’
1111111111Β11111111111 vom 141111111855 111 1111111111111-
3111111111 11111 311111111111, 1111 durch Verffigung 111 1111-
111111111 1111111111 111 1185 111 111111111111 111 1111111111111111-
1111111 11111111 111 111 0111111111 nach 1111 1111111111 111·
111 3111111111 111111111111111111111111111111111111.111111111
11 111 ’1111 ein 1111111ηῶ311 1111111111111 11 111 111 111111111-
11111111111811111111111111111111111,1111 ein 1111111 111 111
1111111111 111111 1131111111 111, 11 1111111111 1111111111111.
1111 1111113113 111 111111111111111111, dass 11 aber 1111111111 111
11111111111111111111111111111111111111111111 andem 1111111, dass
11 111 1,11111111 ’111111111111111 111111 1111111 111 1111111111111
01111111111111111111 8111111111111 11111111111111111111, 11111111-
11111111111111 11111111 1111111111 1111111σαί111 111111 1111111111-
1111111111111111111111111111111111111111 dem ohne 111111111
1111111311 1111111,111111111111111111111,111 oben gezeigt,

11111111111111111 111

1111111νὶ11.

1111111 11111111 1111111111 1111111111 111 111111111111111
111 0111111111111 111 (11111 eines 119111111111111111111111111
111111111111,11 11111111111111. (111111111111 11 111 Lago 111
11111111 11 111 111111 111 0111111111 111111111111111111
1111111111 1111111111 Β111111111 11 11111111.

11111. Β1111111111 111 11111 11111111, 1111 111111111111
1111111111,11111111.111 1111111111 11111 1111111111 111 111111-
tan 111 111111111 worden, und 1111 nur 1111 111 11111111 111111
1111111111 111111 11111 1111111111 111111 111111.

. 111111 1111111111 111111 1111111 1111111111111111111111111
1111111, 1111 1111 111 1111111111111111111111111111111111111111
1111111.-

1111 1.(11111111111111111 111 11111111 gagen 1111111111311

11111111 1111111111 3111111111, 11111 1111111 1111 111111111-
1111 mmmm xxv. , 6

 

