5. 8111111111 1111111 1111 111 81111111 111 111111

1111111111111 1111111111 6111111181111119,111111 11 1111111 11 1111111111.

1111111111 (111111111111119, 1860.

(veromnungsmudonamina-samum..) ¹
[zu 11111111 111 1111111111.)

Sr. Konigl. Majst. 11111311111111111111111111111 1111111-
111 11111 11111111 1111111111 111 11111 Religionsfibung3 ‘
6111111111 8111111111 8111111111 111 23. October 1860.
Wir (1111, 111 (111111 (1111111111111 111 1111111111, 1111111111,
’111 1111111 111 wanden, 1111 11 1111111, 11111 wir 1111111 11111111
’11111111 111 3111111111 11111, 1111111111111 11111111111111
Β111111111111111ς111121. 1111111 1781, 111 1111 1111111111111

1111111311111111111111,11111111111 (1111111111 11 111 111111 ι

11111111111111111111111111111111, [11111111 111 1111111111

1. 11111111 01111111, 111 111111 anderen (1111111 1111111111,
111 111 1111111113111111111111, sich zu 11111 (1111111111 1111111111,
11 111111 111 darum 11111 Konig 111111111111111111 11111 11111111
111 (1111111111111111111 111 1111 11111111111111111111111111.

1111111 1111111111, 1111111111 11111 1111111111 1111111111, 1111
gut, dem 1111111111 1111111111, 1111 1111 111 111111111111111-
. 11111111 11111111111131111311111111111111111111111 11111 11 111111
Religionsfibung 1111111111 111 1111111111. 1111118111111111111-
11111111111 (11111111 1111 111311111111111 1111111111 111111111911
1111 111111111111111 1111111111111 1111111111,Β111111111111111-’
111 111111 11111111111111111 1111111111] werden.

1111 1111111 111111 soll 1111 111 111 (11111 111 111111 311111-
den (11111111 11111 1111111111111111111111 1111111111111111111111-
111 1111111111 1111111111. ·

fi. 2. 111111111111 11 g. l. 1111111111111111111111 soll 1111- ·

111111111111111, 11111111111 Ρ11111111111111111 zu 11111111.

1111 1111111111 1111 111 ihren] 11111111 1111 Person 1119111111
11111111 11111111, deren 01111 111 1111 11111131111111111111-
1111111111, 111 soll 1111 11111111 11111 machon, ·in 1111111111
11111 0111111111111111111,111 1111111111 111 1111111 heim 1111111
lichen (1111111111.

1111111111 Berechtigung zu 111111 111113111111111 miss-
1111111, 1111 1111111111 11 111 (1111111111 11 1111111111, 1111111

111111 1111111111111 111. ll

 

