S

Ede rhednheeedecher Recdtesall 1188 semnuaneercnen. 43

88888118881181 genesen 881, 188881181888181888818888 881 81111388-
18118188 Anwelt der I. 1881888 88118188818888888818188188.
1888 11888 1818188188 81888 1881818818388118181888818 signifi·
818188 1888818888188 8888118813 und 88188 881 68881 188 (1881181-
818888 118 1811838 81818818 118188818 818888818118188888818888
181, 881 1888 1888118118 881118 3838811811138 18881888 3881118188
18138888388 88888888181188, 181881181888 88118888 1881118883.

1888 [1818818888 81811 man 818181881181881811, 1888 men
wirklich ein 1888888 88881181 im Ange haben 881118, 8888818881, 881
118 1181811881188881881188388 88 8888881888, 888 8818188 hervor-
3811, 1888 (1881811811818 Kirehenvorstand 881181181 881888 Argu·
888818118888 seen 888 188 1888888818883 818 81888 ’1881818188188
’1181888818 8883183, 1888 118 888188188118818 Κ18818 8881 dem need-
phelisehen 1118188 im 8888811888118188 Β881188 188 Ρ88188188188
8881118188, 1888 188818811888888 eret 888 1881888188831881888-
888188188 1183188883 1685 181188, nnd 1888 men 8181381818 881
11888 8838111818 1881813883 818 11188188 881 813881118188 ’11181 18-
8181, 181888 men 18811181 zur 11818881818883 81811 118 1788113883
881181, 8881888 888 188 18881888 881 8818318811318 18188888 (188
Ρ1888888 Martinus Klein 8888818388188 818818 ner.

81. 88818111881188188881888888 23. Jnni 1855; 8881811 vom
3111881 1855. Μ88 8883181818 8881 188 11881811 188 Ρ1888888188
nom 20. October 1855:

»1188888888 died 18181111, 881881811 dieser in (188 18811388-
388 188 188888188188 1183188883 888 1685 88118 18818881888883
188 deutschen Reiehee 18881 188138818188111818888811888, 8818881
118 18118888 Βο811888888388 188 Normnljehree 188 88818111188188
18181888 8813818188 eunden« =

· In 1188813883, 1888 88188 8818188 1188118188 888 dem 1881-
8181113188 1888888 188 18 1. 1881888 81383818888 11811188838818
18818 8888 8118181813 188888 88 88888188181, 1888 818888818188
1188811818 18818188188 dieser 1181118883, 8888 818 88118813 edre,
881118 8881111818 Lege der Seehe 181888 11811888 8888888 188818,
weil 188 1181188818 88 8111831, 188 888818 1188818888888111818
88 88181838888118131181 8881, 881888 818 8181 881 188 888181111-
88188 1118188 88 1888188 38188181, 8881 188 Roneis, 1888 118 188·
1188188188888881888388 188 And. V. 8. 31. 18188888838188188
8818881888 (dunsten verbanden 88888.

18 1188813883, 8881 118 8811888 Behauptnng 1818111, 1888 8188-
11811811138 einer Cleusel num 18111. 188 1138818188 11181888
188 18881 11818811388388 188 18888881881881183188883 1685 8838-

 

