38 1111111111. Die 1111111111111111 111 811111111111111.

1111111111 111Ρ11111111 11 11111111 Numen 1111 1111111113 111111

111 111 1111111911 111 (11111111111111 1111 [1111111111111 1111 11111 ³

Beschlusses dieser Β1111111 11111 1111111 11111111131111, 11111
1111 11111111111111 111 (11111111 111111 111111 111 11111111111111

,1111111111 111111 Ρ111111111111ς, 11111111111 11111111 Handlung ξ
111 11111111111 Β111111 1111111111 1111111111, 1111 111111 (111 ἶ

Verffigung 1111111111 111 311111111111 Befugnisse 1111111111.

Β11111111111111111111111111111111 11181111111111111 111 111
11111111 1111111111 111111111111111 1111111111111111111111111111-
1111, 1111111 1111111 sogar gegen 111111111,111111

1. 111 11111111 1111111111111 111 protestantische Kircho 1111111-

1111111, 11111111111111111111 111 1111111111111111111111111111· “

1111111 111 Ρ1ο111111111 1111111

1. indam 111 1. g. Simultaneum ausdrnoklioh nur 111 11111- “

1111111911 Gottesdienstes 11 111 1111111111111111 Κ11111 11111111
111 111111 111 1111111 1111 (1111111 11111111 1111, dass 11111111
dieser Ausdruck 1111111111 111 111 Bezeichnung 111 11111111111111-
1111111111 111 Mitausfibung des (11111111111111 1111 jede 1111111111
111 111 1111111111 11 (111111 11131111 Β1111111111111111 1111111111

vird, und 1111 111111 1111111111 1111111111 11 111 111111111111 3

Sache 1111 Miteigenthumsreoht in sich 1111111111

111111111111111111113 111 1. g. Simultaneums durch 111 ’

. 11111111111111111111 Veranlassung 111 11111111111111 111111-

11111111111 111111111111 1111111111111,111 111111 1111 auch 111
11111111111111111111111111111111 11 (111111 1111111111 1111111111111;

d. 111111 1111111111 1111, 1111 111Κ111111111 1111111111111
ihrer Ρ111111111 111 111 1111 111111 1111111111 111 111 (11111111-
11111 111 1111 11111 11 11111111111111111 111111 1111111111 111111 111,
11 1111 111 1111111111 11111 1111111111 111, 111 1111111111 1111-
111111111 111 Ρ111111111111111111111 111111111ηά11 1111111111
111111 11 1111111111.

1111 1111111 111 Β111111111111111111, 11111111 dem (11- ¹
11111 111 111 1111111111 11111811111111111 ohne 1111111111111 .

11111 11111111 oder 1111111 1111111111 1111111111 111, 11111111
1111111111 1111 111 111111, 111 1111111111 11111 111 111111111 1111111
(111111111111111111, 111111 111 111111111 11111111111111111111-
1111111111111111. 1111111111111111 111Η111 Ρ11111111 111 111
11111111111111111111111 11111111113111111111111111 im Auge 111,
1111111111 11 11111111 1111111 111111111111111111111 Β1111111 111-
11111111, so sind 111111111 1111111111 11111 nicht mehr massgebond

 

